#Velocity obtained from Ewald summation
100
0 2.01184 20.6771 9.01272
1 0.105737 -3.18743 -3.03818
2 -14.2553 -22.3579 -36.2564
3 26.1607 5.11044 31.563
4 -10.1683 -8.84549 -3.28041
5 19.0294 -9.81759 9.75147
6 -36.3458 -31.3394 -34.5611
7 -9.98219 -20.2711 -13.8973
8 -17.0906 -16.3386 -34.2061
9 6.34123 -3.26987 12.5315
10 -9.4646 5.53281 -10.0188
11 3.12458 -17.8628 0.24655
12 -22.8467 4.85649 -7.37501
13 -5.83243 -11.9177 0.555871
14 89.6654 72.0655 68.1392
15 9.25097 -18.6883 -2.92181
16 -19.7716 -16.0188 -19.4704
17 -6.04717 1.74814 -22.0562
18 -0.153445 -23.3355 5.50316
19 -12.3083 -26.9697 -19.8261
20 -32.2433 -19.4955 -23.5333
21 -10.6625 -20.737 3.93568
22 9.75728 -13.5124 -8.53928
23 -25.4538 -0.597309 -20.3044
24 -15.6808 -11.773 -10.5451
25 20.6642 -2.61177 -1.27695
26 -22.4557 -33.7515 -40.2048
27 1.73282 -3.22277 6.05895
28 -27.292 -16.0993 -18.2729
29 -24.1138 9.87885 0.706091
30 -22.6453 -33.787 -32.035
31 -23.9309 -10.3261 -24.7394
32 -10.8951 -6.71895 -9.42364
33 -10.4792 -4.53128 -13.1089
34 -8.55502 -18.7512 1.15874
35 -3.41288 12.4368 19.9076
36 14.1857 -6.05978 -11.0841
37 -6.60885 -6.81741 -13.2779
38 -12.0126 -20.5095 -9.5652
39 -11.9124 -11.0553 -6.77572
40 17.221 -13.712 -4.2312
41 -1.8891 3.94686 -9.80857
42 -39.4712 -30.3141 -35.0319
43 -27.7465 -8.50304 -20.7985
44 -4.29436 8.72938 10.5246
45 -32.1461 -10.5709 -24.7152
46 17.2469 -6.1178 10.8265
47 12.4844 29.7082 4.0204
48 28.853 6.23542 28.0901
49 51.3622 35.7708 63.7043
50 -17.4565 -12.5941 2.61706
51 1.48046 -6.73734 20.8853
52 -1.69305 -6.75593 1.76482
53 8.49253 13.3682 36.5642
54 -30.6204 -16.3733 -18.7313
55 -2.12407 1.04491 11.8902
56 6.01573 22.8893 9.99694
57 15.3526 3.49151 22.8109
58 -20.2234 -15.8682 -13.2394
59 -24.4881 -15.1298 -31.7287
60 -11.2743 -29.779 -22.8291
61 86.9107 72.8875 49.3055
62 -4.50256 -8.23669 -15.2739
63 -13.5053 -10.7343 -6.3142
64 17.373 -7.7383 -7.00915
65 -11.4428 4.33334 -26.0815
66 8.64532 34.6233 10.1013
67 32.3544 6.23942 21.4188
68 -35.9316 -12.5193 -17.4624
69 -14.8338 -2.72502 12.702
70 -6.04733 -20.438 -5.56141
71 22.4066 -7.73586 3.55236
72 -13.9349 -2.74052 -20.6794
73 -12.0176 -18.7077 -13.8923
74 -25.792 -7.84941 -12.3222
75 4.07237 -18.5405 8.96851
76 -21.7823 -12.7664 -2.13472
77 5.23516 -21.535 -9.10227
78 0.21066 -23.9351 -15.1408
79 -14.262 -2.77056 -12.2598
80 -14.8085 -4.86376 4.32478
81 5.78496 -0.836359 14.7611
82 -12.938 2.13291 -6.18734
83 -16.3323 7.78682 -16.1736
84 -22.0372 -3.68436 -25.108
85 -17.5187 5.11361 -7.51339
86 22.9407 20.7914 10.7491
87 -11.6026 -37.5093 -34.3728
88 0.281167 4.70332 -1.18674
89 -11.9985 -20.2898 -16.0835
90 4.2616 -22.7692 -28.422
91 -9.26863 -22.2397 -11.2932
92 -7.50766 11.3646 -12.7773
93 12.0404 -12.4085 3.10143
94 -21.0244 12.1916 -1.14326
95 -8.69472 0.0357975 -14.9952
96 -13.6892 3.96909 -15.5217
97 -22.9339 -12.6464 -28.0935
98 -10.307 3.1825 -9.36648
99 -19.1623 -18.2754 -10.088
