#Velocity obtained from Ewald summation
1000
0 15.703 4.05374 5.81852
1 -2.7977 -7.26143 -0.887863
2 -6.5939 -3.39749 -1.71313
3 3.17468 3.97251 -1.14561
4 2.17389 -1.37471 -4.16717
5 0.36272 -1.80756 -0.0661317
6 9.55942 13.9563 8.82289
7 3.08079 -1.69383 -1.20664
8 -4.7445 -5.16554 -3.12864
9 3.16593 0.788716 7.64814
10 -3.05395 1.11801 -1.06746
11 -0.0153411 -4.815 -1.50978
12 -5.46298 -5.10901 -2.79336
13 7.98327 1.29032 -1.72731
14 -3.43222 -5.02449 -0.71103
15 -0.267222 6.02887 -3.10706
16 -3.28453 -4.88019 1.68105
17 -1.56469 -2.55407 -1.36455
18 -1.15285 -0.143428 -0.935614
19 1.26991 -2.73254 -2.79542
20 2.56618 0.635233 -0.813196
21 -6.36385 -5.73856 -1.49135
22 -0.817684 6.81081 6.00711
23 -3.76303 -2.21106 -4.74178
24 -0.452095 6.21674 0.210467
25 10.14 7.16659 6.51846
26 7.81102 5.18506 5.13409
27 6.07985 8.69229 0.874972
28 -5.9779 -8.74371 -0.0349087
29 2.42927 -4.77221 -4.87137
30 2.78489 3.81771 3.12727
31 3.30868 4.50931 2.13504
32 7.75419 10.2154 9.3118
33 -11.2418 -12.5594 -4.2148
34 -1.58394 -3.25553 -4.95769
35 -5.35007 -3.99163 -2.00638
36 5.90582 4.25128 -4.0045
37 -0.146871 -0.208929 2.27375
38 -1.84953 -5.24714 5.04347
39 4.6905 3.01567 -5.87913
40 -5.47285 -5.38219 2.51232
41 1.35463 0.515166 -6.63598
42 12.5736 9.71056 11.2591
43 -3.14565 -5.41893 -1.53154
44 -4.13912 -2.32209 -0.80911
45 6.16482 0.74186 -1.6432
46 -2.78257 3.79641 -3.30577
47 -2.61326 -4.90027 -4.12811
48 3.88957 5.81417 1.78377
49 0.240736 -1.85153 -3.70249
50 -1.93124 -1.88695 -3.12606
51 -0.964758 1.38908 -0.346161
52 -7.09693 -6.54007 0.55742
53 4.36154 0.0908093 -4.52988
54 0.719574 -0.234111 -0.149707
55 -7.58539 -0.0363275 -4.48664
56 6.0318 3.49844 -3.72811
57 5.15793 1.74682 -2.00827
58 10.313 9.72806 14.0706
59 1.4983 16.5118 3.76015
60 -3.02112 -3.0455 -3.63191
61 -1.29155 -3.35678 -3.73797
62 -8.28886 -9.99022 -5.71933
63 7.33628 2.99233 1.80602
64 -0.744641 -3.79618 0.149236
65 -2.49231 -2.30348 -5.40503
66 -5.9665 -1.75178 -6.93924
67 -5.51451 -1.74954 -6.66176
68 -6.33874 -4.38484 -1.80167
69 -2.04779 -2.54217 -4.78435
70 0.907832 2.0508 0.278103
71 -11.9387 -7.40258 -2.10568
72 1.73357 4.31257 -1.32594
73 4.97116 4.84635 0.864874
74 -5.4208 -5.1103 -3.10913
75 -0.150055 0.918536 2.32951
76 -1.75396 -1.89271 -6.59397
77 -2.23743 -2.52123 -5.74782
78 -6.16163 -7.26854 -5.36631
79 -7.13603 -7.84736 -5.34321
80 -3.15499 -4.3376 3.49338
81 -4.10605 0.468941 -0.555778
82 -8.17081 -6.18864 -2.29434
83 -2.5761 -4.24275 -3.74986
84 -1.45059 -3.68201 -3.3747
85 -6.11833 -5.53271 -3.37086
86 3.6567 0.200948 -3.0781
87 -5.45791 -4.3971 -3.00948
88 -7.63242 -6.00283 -4.96084
89 -3.06421 -0.889139 -2.53066
90 -3.94473 -0.429051 1.09527
91 -9.084 -2.98414 -1.54357
92 -3.82573 -6.35574 -0.0713699
93 0.0614633 -1.6114 1.28777
94 -6.01984 -8.9805 -0.447277
95 2.43004 6.6304 0.895042
96 -1.8814 -0.885444 -4.84739
97 12.8335 11.1324 13.0043
98 -1.94412 2.77261 -8.4482
99 -7.48444 -9.56073 -2.5884
100 -0.64067 13.1637 -0.687229
101 7.50437 0.279846 2.9736
102 4.40474 4.96098 -0.0706732
103 -0.0817129 0.217686 -6.08737
104 -1.81312 -4.31132 2.80316
105 -5.09268 -4.37659 -5.19926
106 2.74593 7.95134 4.2494
107 -0.349677 -1.71272 2.24653
108 -0.321611 -0.704243 -0.269892
109 6.59872 3.54349 -0.682794
110 7.82385 3.13869 0.448073
111 -9.38773 -7.81751 -2.90899
112 -2.48726 1.42266 1.56385
113 -1.78554 4.1893 1.09157
114 -8.09046 -8.10185 -5.81663
115 4.40664 3.28058 -1.11581
116 -9.05167 -0.186075 -3.48925
117 1.72287 2.73186 -1.57545
118 7.27556 6.54363 1.78904
119 -2.94931 0.669511 6.76403
120 0.502548 0.4792 -4.73661
121 -7.38484 -8.36588 -2.08066
122 1.33804 -1.70491 -1.24217
123 -4.48284 -3.66805 -3.60159
124 5.16387 13.2866 4.00749
125 -1.9877 -5.81053 -3.64181
126 -4.87475 -3.09734 -4.8453
127 -0.749063 5.7361 -0.0886472
128 7.06396 7.90297 0.697116
129 -5.12145 -7.5252 3.01195
130 3.64452 8.73354 1.43399
131 -2.91882 -4.53955 -2.92106
132 0.956605 4.84968 5.35125
133 0.824213 3.2685 -3.41978
134 2.76529 5.83514 3.62171
135 4.18141 2.53312 -1.29875
136 1.07986 1.15773 -2.53232
137 3.30305 3.42011 2.81008
138 -5.31136 3.91445 -2.45381
139 -2.95507 -1.17383 -2.74056
140 4.22036 4.07253 -1.24904
141 4.57355 1.35393 -4.49973
142 3.22518 0.588043 0.785832
143 6.65154 1.42619 -2.29916
144 -8.07953 -5.40271 -6.77718
145 -2.21791 2.58273 6.89181
146 3.08517 0.660011 -11.1935
147 -11.8314 -10.7703 0.30852
148 -0.953506 -0.724062 1.78403
149 -4.3025 -6.26751 -4.35911
150 -7.37936 -6.98819 -2.97549
151 3.79872 1.97017 -3.29799
152 0.885424 -3.1676 -1.62766
153 2.15016 5.51699 -1.49793
154 6.39803 2.87539 2.73559
155 4.8865 3.06701 0.534851
156 -5.38173 0.168368 0.0237001
157 1.42493 4.48289 -3.53728
158 -4.32125 -3.26143 -4.84468
159 -1.00981 -1.7005 1.87557
160 1.79996 0.0903719 -7.62865
161 8.80632 3.36161 2.3194
162 5.04316 1.88015 -3.69305
163 -4.90315 -7.54699 -2.73607
164 -3.77053 -0.290645 -6.01341
165 -7.24728 -7.22952 -1.08258
166 6.12215 7.77458 -1.78763
167 -6.00157 -8.08877 -3.6844
168 5.01346 5.27291 -5.35066
169 -0.452281 8.48609 3.06766
170 -5.41428 -4.96546 -2.47248
171 2.80631 -4.0146 -0.196341
172 -3.13551 4.19349 -10.8232
173 -1.53855 -5.24183 -0.0932322
174 3.9892 0.816609 -2.26016
175 -2.75068 2.1917 -0.512407
176 -6.89404 -5.22544 -5.02345
177 -1.02977 2.07536 5.23866
178 -3.86719 -2.22853 -8.62668
179 3.25316 -1.4609 -0.80053
180 -1.08142 1.29015 -0.97718
181 10.8888 15.4817 13.9964
182 5.73403 5.00527 1.93308
183 -12.8093 -8.20856 -4.10922
184 8.05781 11.1686 -0.0426855
185 -9.33783 -4.26279 -0.330331
186 -1.2681 4.70716 1.23412
187 1.29884 7.35841 2.7633
188 -2.18004 2.85964 -1.25521
189 1.21882 -0.432108 -0.656922
190 -5.53929 -4.11163 -0.0652583
191 0.520596 -2.02113 6.54063
192 -3.04097 0.510734 -6.79735
193 0.633766 0.362057 -4.98582
194 -0.746937 1.13521 -8.34839
195 -6.34098 -5.35199 -4.06307
196 8.32566 6.16049 2.45872
197 -3.95923 1.98557 -1.41238
198 1.4868 6.22153 -1.70684
199 -4.18643 -6.61197 -1.41866
200 -8.39135 -5.75707 -4.52912
201 -2.4298 -0.193844 -0.754118
202 -11.1328 -5.71456 -1.39744
203 0.510175 -0.0156815 -5.9959
204 5.39089 9.51699 -5.44617
205 -1.72058 -2.61611 -2.24734
206 -2.08306 -2.04412 -1.34648
207 -6.5203 -2.13736 -4.07421
208 -1.20364 0.665015 -2.04332
209 2.50003 2.42502 -2.21328
210 2.37474 3.74703 -4.13308
211 -9.24544 -8.53795 -4.60939
212 -2.54062 2.26105 2.76654
213 -7.76341 -9.13048 -1.92996
214 5.75172 4.41573 2.55643
215 -6.53089 -8.54633 -0.139296
216 10.1709 3.11595 -0.9484
217 5.66753 1.39367 0.0764897
218 -4.81356 -4.66247 -4.24235
219 0.985377 2.92746 6.59672
220 2.09988 3.34186 -0.518763
221 -3.98548 -6.42033 -4.67815
222 1.07137 -0.420456 -4.59038
223 4.80919 9.66504 5.8751
224 -9.06749 -6.56757 2.28622
225 4.9674 2.71893 -2.2022
226 -2.02273 1.13249 -0.714675
227 1.24574 5.54982 3.74737
228 3.88871 4.92947 0.677788
229 4.41843 -0.0211808 -2.33623
230 7.31538 4.16887 -0.292484
231 -1.87171 -1.88958 -1.3337
232 -6.36581 -1.14687 -10.0327
233 -7.58957 -6.04289 -4.41272
234 9.3777 3.36071 0.684243
235 11.6023 5.86129 8.77234
236 -5.03663 -6.17055 -3.31049
237 8.88527 9.48106 9.85453
238 -2.72932 -2.75161 -5.78313
239 -6.88238 -9.34548 -2.47816
240 -1.75171 0.562585 1.28153
241 4.57736 9.52614 2.65746
242 1.31929 2.96104 0.679566
243 1.93329 1.71186 4.32888
244 7.36229 3.30116 -0.749302
245 -5.05103 -7.58115 -1.26589
246 6.70724 4.37014 -1.56658
247 -6.91636 -6.95151 -1.5635
248 -6.84978 -6.12895 -2.92698
249 2.10167 -0.815232 -2.85936
250 -2.98442 0.0492879 -10.5455
251 11.6 9.10367 4.81961
252 -7.59415 -8.96977 -7.00848
253 -6.45045 -6.06036 -0.880703
254 -2.42451 -9.66398 -5.67752
255 -1.85878 1.07648 -5.85951
256 -1.52884 -2.66726 -2.14454
257 1.76974 -2.4311 -0.176495
258 5.46041 11.3766 -0.152319
259 4.02448 2.10374 5.99951
260 13.0702 14.7737 5.25805
261 -6.04103 -6.09041 -3.07192
262 0.248875 -0.221605 -0.739441
263 1.28583 -1.99611 -3.65137
264 -0.382601 5.25641 1.02468
265 6.28701 1.50559 8.03362
266 6.41969 1.48508 2.33064
267 1.9588 -1.61198 -1.47869
268 2.77314 0.425717 -3.14963
269 -9.63234 -9.04878 -6.9502
270 -4.4126 -0.313604 -3.26861
271 2.74785 3.96721 -2.60282
272 -4.60161 -4.1125 1.54024
273 -4.70738 -6.14558 0.950031
274 3.49566 3.59347 8.65993
275 -1.80069 -2.87612 -3.91475
276 -6.69878 -6.45978 -1.4412
277 -0.234829 -1.92241 -1.06402
278 -0.409475 3.1047 -2.14416
279 -2.0521 -4.95278 -0.554217
280 -6.04115 -7.11583 0.549655
281 -8.93766 -10.4698 -2.52605
282 -6.46188 -4.87509 -5.94461
283 11.0248 9.68496 0.794286
284 9.25136 22.9174 8.08745
285 -2.11888 -5.56983 -6.09275
286 13.699 6.47332 5.47336
287 -3.15639 -1.26857 0.927124
288 -0.360921 3.54369 1.55246
289 -0.818532 3.83652 5.83949
290 9.33735 -0.943039 -3.49369
291 1.9225 -1.10732 -1.71971
292 14.8332 4.5172 4.11911
293 -2.72003 2.6217 -8.2297
294 -6.26858 -6.40704 -5.91763
295 4.34629 1.56484 -0.0987435
296 -2.0026 0.378926 -6.47723
297 -3.00143 2.65607 5.51813
298 -1.2476 3.18121 -6.1581
299 -1.40066 0.528335 -2.30447
300 9.01307 6.21515 -1.28535
301 -13.1143 -9.42646 -6.73668
302 2.34914 4.06961 7.19766
303 -9.93224 -10.6937 -4.1813
304 0.893553 -3.89293 1.87117
305 -3.62529 -3.39815 -4.51767
306 7.76971 -1.56292 -1.79144
307 0.613764 1.79416 -5.83564
308 -7.6212 -2.09042 -4.98195
309 -0.650593 0.80049 -3.97016
310 6.3668 4.1358 -2.05294
311 -7.82487 -7.19078 -0.271611
312 -1.43705 -0.570115 -4.30189
313 7.82125 13.8372 4.87793
314 13.1892 10.3946 -4.71677
315 -10.0308 -5.3271 -1.07353
316 4.5377 1.80613 -4.04624
317 -10.7496 -6.69951 -2.4513
318 -1.46447 -3.40283 -0.922378
319 -4.11115 -4.72932 1.15787
320 -9.81879 -9.48775 -0.586814
321 -6.0822 -6.5135 -4.81234
322 6.0214 5.70075 1.40612
323 -5.15962 -7.67325 -6.22859
324 -3.38567 -9.28688 -7.03583
325 0.0886604 -2.40106 -4.62945
326 0.513944 -2.27231 0.949704
327 6.81675 0.674522 -2.75139
328 -0.516322 -2.60532 2.47475
329 3.66453 2.7826 -0.498889
330 -4.38625 -4.05536 -3.76048
331 -8.18123 -2.02623 -4.17529
332 -8.77474 -5.85662 -1.79245
333 1.75427 2.14134 -1.87639
334 -2.79865 -2.54806 -0.342071
335 -4.29438 -8.19082 -2.23093
336 -7.19305 -7.14699 -1.17737
337 -7.06945 -5.64475 1.10175
338 -7.36174 -7.03822 -0.716922
339 10.4799 7.42493 -0.483716
340 -4.7866 -4.41658 -4.63294
341 -6.85751 -6.27566 -0.839762
342 -1.98509 5.07159 1.28253
343 -3.996 -7.29131 -3.39572
344 0.537543 3.26665 -3.46998
345 12.0523 4.55666 -0.0851639
346 -10.236 -8.35292 -7.26912
347 -4.81808 -1.37329 -1.79666
348 -1.21585 -1.29308 -6.13163
349 -1.03173 -6.10522 -2.68123
350 -4.22944 -1.74916 -8.28176
351 -2.46415 -7.9545 -2.60986
352 -1.89992 -1.9322 -2.6951
353 -0.784975 -5.83843 4.96529
354 3.5079 5.85949 -2.79616
355 0.864031 -1.22605 -3.12881
356 -0.9035 -0.513027 1.03973
357 3.33994 2.54878 -4.43253
358 14.2398 3.39079 -6.09077
359 9.57523 5.66468 -1.45274
360 9.30765 1.14357 0.338333
361 11.3151 7.57617 1.39096
362 5.60976 2.0088 10.9096
363 -5.0393 -0.147667 -4.57322
364 3.84538 1.5056 -1.53347
365 -3.15752 -1.56447 -4.95425
366 -0.866127 -2.36171 -1.91905
367 7.70183 4.22582 0.962718
368 -4.92761 -5.74887 -5.18416
369 -7.00975 -6.09611 -3.6616
370 -10.2486 -12.0619 -2.38676
371 4.46264 3.84931 -3.93234
372 3.97007 -3.12625 -5.43333
373 2.03608 -2.00964 -2.73611
374 -4.30158 -4.05528 -4.21532
375 4.2081 3.16587 -0.830231
376 -4.60391 -6.00351 3.922
377 -4.42286 -6.60789 -3.6487
378 -7.29443 -6.65195 -4.23651
379 -6.91689 -7.27695 -5.17121
380 3.34154 2.69663 -3.10416
381 3.14822 -0.998265 1.82398
382 1.2755 0.929294 8.3679
383 -6.30848 -1.08021 -6.11021
384 -2.89341 2.25104 3.03008
385 8.12396 -1.90489 -1.99749
386 5.29063 5.93432 0.0488879
387 -9.5611 -10.7864 -4.71467
388 1.63857 -4.62502 4.2925
389 -7.31589 -7.12422 -1.56285
390 3.15156 8.13276 -2.27686
391 0.743694 -0.753156 -0.895157
392 -0.551806 -2.86791 -1.51393
393 -5.8677 -5.0228 0.132707
394 -3.7586 -6.19695 -5.10673
395 -4.69453 -1.98384 1.59079
396 12.652 11.7494 9.47323
397 -11.0242 -9.53316 -6.50986
398 -7.75055 -9.63059 -1.56099
399 5.90987 2.1411 0.286144
400 9.98079 2.98814 0.0961476
401 1.25197 -1.56454 -2.55436
402 -2.89278 -3.39259 1.89533
403 -2.51595 0.470559 -3.22308
404 3.79948 -1.3373 0.796165
405 -6.63441 -6.32868 -1.23809
406 4.13979 5.11916 -5.69521
407 -11.9762 -9.64918 -6.67555
408 0.611178 -2.01643 -3.38461
409 5.4321 5.41769 0.229576
410 -0.320903 -5.11554 -1.55874
411 5.68886 1.38461 8.09962
412 -8.78828 -3.99473 -6.45798
413 0.817861 -1.71785 -0.744541
414 2.02115 0.455805 1.62058
415 10.6073 7.22856 0.224029
416 -5.7761 -3.96138 -10.4838
417 4.95743 0.9707 0.412452
418 4.03201 2.99509 -3.05463
419 -10.7985 -9.14046 0.0994662
420 9.9847 -0.453596 -1.82011
421 0.105188 2.45999 0.120893
422 5.26674 9.80238 10.8823
423 1.80494 0.752454 1.53178
424 -8.08191 -4.41336 -2.69863
425 -5.16972 -10.7967 -8.4666
426 -5.59241 -5.19129 -1.03551
427 4.55199 0.894137 -0.942298
428 2.09001 0.921575 0.983388
429 5.48588 -0.0718769 3.61423
430 -2.22802 0.111203 1.07634
431 9.45966 10.5965 5.92085
432 10.0947 10.6018 0.930799
433 7.95568 -0.591028 -3.22898
434 1.93956 0.366461 -4.97726
435 -11.0884 -5.98482 0.953926
436 1.78386 0.420296 1.99743
437 -6.25114 -6.73775 -2.21548
438 -2.37006 -1.70788 -8.60406
439 -7.71543 -6.6169 -5.70064
440 -5.91782 -5.78629 -2.77876
441 7.41587 4.32698 -0.92874
442 2.80597 3.56056 5.32975
443 -2.27939 -5.0632 0.517275
444 8.83202 11.7124 1.52893
445 -0.920233 -7.43064 -2.96148
446 2.36435 8.59818 -4.2093
447 0.996938 -0.096925 4.58794
448 -7.00896 -1.79072 1.69803
449 -4.09768 -3.7126 -4.97188
450 1.83664 1.05635 -2.03355
451 -3.78673 -3.2184 -6.71056
452 -2.41072 -7.79537 -2.89851
453 -10.2191 -11.0739 -7.15306
454 4.11275 3.06355 3.68001
455 -2.71084 1.2113 1.7989
456 -2.25229 0.00733013 -6.84461
457 0.82358 -0.947864 5.37826
458 6.31888 6.7802 0.043233
459 -1.08832 6.20427 2.8054
460 1.74407 3.86128 0.387537
461 1.27239 -0.195289 -2.8949
462 0.0186991 2.16147 1.97395
463 1.24096 -1.91489 -2.36374
464 -5.5683 -11.0721 -9.50208
465 1.77208 3.47655 -0.895164
466 -5.28882 -1.91027 -5.99339
467 -7.70254 -5.05885 1.24119
468 -2.94885 -6.53727 -3.43406
469 -1.20553 -5.30844 -3.61574
470 6.079 1.79927 0.264555
471 5.41251 -0.86793 -0.279051
472 -6.56294 -0.768563 6.10872
473 2.50243 1.0869 -0.511793
474 4.13099 4.19956 1.80986
475 1.83499 8.64495 2.73675
476 0.962178 2.71095 2.14779
477 12.2496 4.1788 3.9354
478 -8.15599 -10.5024 -2.64723
479 -3.57882 -3.243 -2.1964
480 -7.63156 -2.13594 -3.80089
481 -0.193461 0.195039 -1.3453
482 4.65595 -0.233523 -2.69188
483 -9.41488 -9.51963 -4.34076
484 3.01165 0.556099 3.07737
485 -6.24208 -4.15731 -3.20374
486 1.87231 2.36901 5.44572
487 -3.50976 -1.40722 2.81796
488 1.15616 -1.16467 -0.896469
489 -3.43653 -2.1578 -0.849175
490 -2.76518 -3.18721 2.42124
491 -4.59333 6.94513 -3.59192
492 -0.627647 -3.26083 -3.27524
493 -5.30594 -3.20611 -0.289732
494 -1.16655 -0.800695 -1.48454
495 -1.01306 -2.75997 -3.36072
496 -0.344494 -4.51387 -1.04558
497 2.20858 3.25677 -1.09386
498 -7.82701 1.64884 -3.83541
499 -4.95656 -6.9515 -4.29403
500 -7.72287 -6.48458 -8.32815
501 -5.35255 -4.52653 -0.383902
502 -4.27261 -1.14107 -0.703793
503 1.88716 1.87896 -4.13013
504 -5.63831 -5.11749 -1.6891
505 -9.40059 -7.95399 -3.00537
506 8.98899 22.5284 8.35406
507 -3.80924 -3.67556 0.700388
508 -4.77337 -5.88993 -4.58143
509 -0.21858 6.73473 8.31323
510 2.79737 -2.07421 1.5271
511 -11.141 -10.2817 -7.11278
512 -0.608721 1.22084 -3.01811
513 -7.17389 -3.97572 -1.73844
514 -4.20988 -0.962421 -2.9625
515 -3.49001 -5.55111 -6.41233
516 -5.10952 -7.16733 -0.417015
517 -7.92468 -7.78226 -1.08614
518 -2.93313 -2.02532 -4.89756
519 -2.11867 -1.32363 -2.42231
520 -7.2665 -5.776 -3.83807
521 6.59842 3.97564 3.4493
522 3.18846 8.34054 -3.33473
523 2.83535 9.907 0.922899
524 -3.47889 -3.02394 -1.40755
525 0.269104 3.55972 -0.534048
526 0.457939 2.74535 3.58523
527 -8.51369 -6.84337 -4.90568
528 3.25724 -0.803147 5.08186
529 -9.49048 -10.2574 -4.66654
530 1.52564 0.366212 -5.2786
531 -4.01818 -3.846 -5.56554
532 -2.56087 -3.32274 -0.772776
533 -2.05478 -1.31329 -1.80704
534 -9.85015 -8.0532 -1.18586
535 -2.4377 0.0693886 -6.7108
536 7.98963 6.15869 5.24662
537 6.21482 2.61245 -0.707111
538 6.80818 4.34789 -0.782654
539 -2.65383 -7.01769 -2.94735
540 1.41109 4.40944 8.55981
541 -6.2935 -3.55967 -4.3866
542 -8.03789 -6.53433 -2.18816
543 7.82687 5.56197 -4.91235
544 -3.66922 -0.646549 -5.56501
545 -0.0176405 1.53797 -6.05301
546 -3.95929 -1.92969 -0.364906
547 -10.9476 -9.21025 -1.45048
548 -4.47899 -0.145571 -6.07001
549 4.35893 9.90353 3.70627
550 5.84792 0.866402 -3.68115
551 9.80126 5.28555 0.345768
552 -7.72954 -4.44375 -5.0595
553 3.342 6.87874 0.704899
554 -12.4525 -11.5794 -4.52107
555 7.84925 8.04096 0.58474
556 10.5586 8.52089 -2.60246
557 -5.03601 -2.85373 -2.3155
558 -2.33913 1.66735 -6.61043
559 7.90056 2.27891 -1.79421
560 -4.68261 2.78257 -5.64875
561 -0.838044 -1.51832 2.00699
562 6.89116 9.41235 2.03583
563 -0.500585 3.61565 0.344248
564 -4.58114 -5.32754 -1.98498
565 3.10601 9.21029 -0.66365
566 2.53394 3.01718 0.171811
567 -0.449528 -2.54527 -1.45365
568 -2.8074 0.250014 -0.263763
569 -7.97677 -7.55392 -1.54513
570 5.86005 4.08886 11.794
571 -0.200098 1.05567 -5.12402
572 -3.83582 3.07702 8.97739
573 4.56513 2.37918 -2.28634
574 3.21512 2.08187 -3.7557
575 7.76604 5.14035 -1.49495
576 4.2795 -0.196167 -6.50062
577 -4.09599 -7.52322 -3.76965
578 -3.12544 1.52284 -5.80943
579 -9.3545 -10.234 -3.93158
580 -4.92353 3.54843 1.79763
581 -12.2142 -9.96209 -5.09901
582 3.56596 11.3793 8.85366
583 4.54945 -0.460517 0.981982
584 -5.22409 2.13958 -5.25883
585 -4.21819 -0.670408 -6.66311
586 -3.27739 -0.872564 -5.53876
587 0.441829 -0.0377322 -2.18935
588 -1.45093 -1.85876 -5.75364
589 -4.92324 -1.81782 -9.0463
590 -1.32488 -6.03737 2.82269
591 -2.70645 -0.38764 -5.39212
592 -10.5788 -11.5676 -2.90389
593 -0.564294 -1.24425 -0.317607
594 -5.58495 -8.19469 2.72421
595 -4.76412 -5.41039 4.51983
596 -2.0157 -1.33983 -2.84073
597 0.512237 1.39142 0.0222773
598 -8.10924 -4.84248 0.493502
599 -3.42774 -2.55605 0.432186
600 -0.243303 -1.04718 8.30701
601 -4.14528 -1.92879 0.0248917
602 2.59521 -2.52208 2.50661
603 -0.757772 -3.17185 0.721518
604 5.39669 9.93685 4.90857
605 5.80417 4.79394 -3.32412
606 -1.50174 -0.914799 -2.59326
607 -2.82043 -5.24142 3.34059
608 -0.0708528 2.55965 4.91388
609 2.37195 -5.08906 -2.11044
610 4.50154 3.15669 -0.113274
611 -1.28033 -4.50537 -3.82235
612 -4.01913 -2.68598 5.67874
613 4.51516 1.6809 -4.75049
614 2.66902 -6.59229 -4.41356
615 10.6803 -0.489774 -0.788539
616 -4.79488 -6.68963 -4.6362
617 4.88183 2.06211 3.13718
618 -7.58286 -8.47202 -6.0878
619 1.79353 -3.41386 -0.948163
620 0.530456 3.95627 -6.17134
621 -1.70157 -0.00396408 -3.52084
622 -5.64692 -6.3409 -3.64535
623 1.65415 2.37445 -4.30193
624 4.23352 4.05773 1.92939
625 -2.28765 -3.08585 -2.41073
626 11.2958 7.0236 0.970472
627 -4.37415 -5.89175 -3.22395
628 5.02205 6.25756 6.13712
629 2.48942 7.19377 6.53637
630 -4.6488 -4.92615 -11.4903
631 -2.49014 -0.402901 -3.15375
632 -5.01619 -5.41495 -6.29266
633 0.366132 3.1715 0.756327
634 -4.84788 -0.939732 0.969178
635 2.24383 1.74814 2.32673
636 -2.25663 -4.06857 1.56958
637 7.87737 5.8321 -0.838792
638 -7.14068 -6.14901 -1.66431
639 -1.84366 7.68332 -2.91493
640 2.76074 4.15331 -2.23671
641 0.429474 1.23062 -0.869843
642 -9.35019 -10.0088 -5.42838
643 -6.53295 -4.34495 0.838348
644 -6.13517 0.977909 -1.12769
645 -3.69615 -5.26865 -3.09185
646 1.28707 -4.79011 -2.45806
647 0.662511 0.637898 1.33753
648 9.70426 5.02006 1.82165
649 -6.90242 -6.41836 -1.84956
650 -8.04546 -0.562989 1.07731
651 2.86372 1.54449 -2.15319
652 -5.40165 -6.08358 6.17797
653 -0.0290393 -0.655682 -5.25438
654 5.49692 0.585839 -1.42285
655 -2.65951 -0.161404 2.03184
656 1.50545 1.6831 -0.776296
657 0.625021 -0.58805 0.587177
658 1.28559 5.86816 3.98206
659 1.93043 -0.504929 3.92579
660 -0.104022 -1.83684 1.75771
661 -7.65806 -8.53599 -4.02205
662 -5.88498 -0.538407 -2.75967
663 -3.9976 -0.804929 -0.917246
664 -2.46069 -3.65069 -3.02859
665 1.04939 1.07332 0.948308
666 0.229716 -2.46849 -0.61675
667 -1.41449 -2.68563 0.781719
668 0.607969 10.5608 -2.51248
669 9.85603 4.85939 -0.699692
670 -2.67151 -2.19004 -4.16712
671 -5.87376 -4.93858 -3.42749
672 -3.08344 1.25668 2.3167
673 -3.46979 -2.79845 -2.60735
674 -8.2723 -5.97802 -3.37367
675 -2.41132 -0.826007 -2.11097
676 1.89873 3.64002 1.52048
677 -5.15816 -3.44642 -3.34123
678 1.61295 -2.23885 -6.03365
679 0.538083 1.83186 2.07937
680 1.30621 7.25926 2.44912
681 2.8252 1.13353 2.77498
682 -3.97626 -0.54586 -6.15359
683 7.5946 4.74431 3.28173
684 -3.37078 -3.35522 -6.07875
685 0.60968 1.1758 -5.37898
686 -4.69925 -5.63267 -2.27861
687 3.49733 -2.27361 1.68199
688 -10.9586 -11.1689 -6.34629
689 -3.36587 -2.73119 3.10778
690 4.70322 0.562598 -1.97151
691 -3.84804 1.14017 -0.277593
692 -11.5569 -11.1876 -4.23221
693 6.86718 11.3974 4.09717
694 7.62412 1.40566 0.819429
695 8.80449 4.5726 -3.51547
696 -13.2004 -12.8107 -3.94626
697 4.04023 5.5002 2.31319
698 -3.23387 -0.216696 -5.80336
699 -10.5597 -12.7381 -5.96238
700 -2.10936 -0.252383 2.89229
701 -0.760511 4.48644 -7.78737
702 -8.70702 -8.34967 -5.79331
703 3.07986 1.57324 2.86161
704 11.9914 16.4997 10.9688
705 6.11306 1.33381 7.5776
706 -1.77076 -1.02061 0.957981
707 -7.19861 -8.49487 -0.851714
708 -1.80487 -3.37087 -0.582484
709 3.59862 9.39101 4.47961
710 7.56619 2.21157 -4.19178
711 -11.1019 -10.609 -5.24265
712 5.50046 5.77519 1.5127
713 0.408182 -3.25577 -3.6054
714 -1.09791 0.848346 2.31255
715 -0.362858 0.676718 5.58177
716 -0.559836 1.59657 -4.0498
717 10.4615 -1.48123 -0.440583
718 1.48312 2.85751 -0.648972
719 0.186065 0.165872 8.31793
720 2.22394 -2.02512 -5.34447
721 -4.62449 -4.22071 -3.63529
722 -5.90919 -2.71404 -2.34861
723 9.00448 8.78815 11.7771
724 1.13288 3.36489 -8.55103
725 -8.79757 -10.6495 -2.28454
726 -9.88181 -4.68916 -6.02243
727 4.7529 8.59998 0.609749
728 -6.1993 -5.15599 1.30865
729 0.331761 -0.591516 -5.13755
730 -6.49267 -1.64363 -1.59209
731 -5.66425 -7.11363 -0.4351
732 -1.38522 -6.03405 -6.47806
733 3.75776 4.20004 -0.0552905
734 -5.10546 -4.19399 -1.93792
735 -2.21415 -1.54284 -5.41736
736 -0.983857 0.548645 -1.29865
737 4.66468 -0.529655 -0.174177
738 -2.70611 -5.30166 -4.05763
739 -1.07441 -1.13806 -4.39235
740 2.27101 2.35534 -3.56406
741 1.22412 0.821116 -5.45785
742 -7.96807 -5.46801 -3.12243
743 4.47675 -0.580571 5.18932
744 -4.41786 -4.66432 -5.10837
745 -0.93854 2.08627 -0.106485
746 -0.341038 -1.59994 -2.61934
747 -6.8 -4.61382 -3.64328
748 3.26372 1.94769 -2.31903
749 -11.1186 -6.57305 -4.82318
750 0.0453693 -3.56868 -1.44605
751 3.5194 -0.00075887 -6.89563
752 -1.0376 2.31971 0.0210437
753 -10.1504 -9.48517 -5.33073
754 9.89859 2.42563 -2.10959
755 -2.28305 -1.38625 -6.25994
756 -0.851818 1.37824 7.84516
757 -5.00495 -5.4195 -1.37912
758 1.323 0.57143 1.83392
759 5.34447 9.96809 4.02281
760 5.47911 1.97216 -2.75205
761 -3.13592 -6.16942 -7.59885
762 0.680654 -5.08593 -4.98519
763 -5.01806 -4.31234 -4.39212
764 -3.91306 -5.2831 0.183082
765 -0.234789 -1.2733 -1.78207
766 0.725044 1.96213 -5.19248
767 13.7096 1.0691 0.238373
768 -3.34472 4.60675 0.7795
769 -2.07121 -0.854987 -4.16116
770 6.99952 5.34903 -0.614963
771 -1.02259 -1.67127 -3.29287
772 -5.30005 -3.27476 -1.9604
773 4.70281 5.83882 1.92142
774 -12.894 -12.006 -4.27587
775 -4.83394 0.045579 -4.2687
776 -4.55538 -7.0367 -1.98299
777 6.33811 8.08142 2.642
778 -5.76973 -5.89129 -2.88299
779 16.8572 25.4775 10.8056
780 0.584668 -0.136384 -5.31707
781 -1.13002 -3.29265 -3.49502
782 6.25871 12.8667 9.41503
783 -4.1469 -5.93364 3.26783
784 -2.57723 -0.503885 -6.94987
785 -3.83724 -0.779389 -8.67426
786 -2.76056 -5.00252 1.64641
787 12.7405 3.5794 0.734558
788 3.11482 -2.59646 -1.51246
789 -2.3636 -1.12562 -0.370518
790 5.1693 2.52401 0.866571
791 -4.89901 -5.25649 -4.07119
792 -0.234254 3.9021 -1.86964
793 -6.23429 -2.63758 -2.50268
794 6.29795 0.395606 2.96411
795 -4.44251 -3.60089 -1.15017
796 2.8326 4.7794 -6.70867
797 -5.85761 -5.88197 1.61499
798 7.06622 5.03238 5.32646
799 0.690502 -3.32796 1.9593
800 -4.26954 -2.91019 6.32554
801 2.88389 6.09825 -0.175951
802 -9.43087 -4.10668 -6.27533
803 -1.28679 0.859354 0.0418473
804 -5.31968 -5.8299 -2.66215
805 -10.953 -9.7104 -3.92447
806 -3.35295 -2.67282 -4.63509
807 7.39733 2.8153 -3.39386
808 -2.67899 -4.43073 -2.89759
809 -3.89336 -1.65823 -1.93436
810 -1.8134 -2.39621 -2.68223
811 -0.0550696 5.72554 -6.56562
812 10.2653 2.54644 3.70247
813 0.68177 -0.848741 -4.55044
814 1.72859 2.04304 -5.5536
815 -9.42587 -9.31331 -3.32755
816 0.72368 1.47654 -2.86527
817 -6.70089 -4.52817 -2.47624
818 -3.40965 -4.62862 -1.81005
819 -11.9999 -13.3466 -1.50547
820 9.54289 10.7932 4.00885
821 11.6382 12.188 8.26305
822 -3.39745 -6.80767 -0.0629039
823 -0.865914 3.08468 3.95507
824 -0.716344 0.111058 2.86734
825 -2.64612 7.349 -1.19531
826 -6.48203 -3.47481 -6.01668
827 9.89366 9.9494 4.46549
828 -6.02588 -2.54228 -5.80569
829 10.2653 5.87888 -0.619944
830 -5.76553 -6.09574 -2.98956
831 18.2909 20.4017 3.80266
832 -1.12093 -3.07659 -4.21699
833 3.4175 -1.1835 -1.21131
834 -7.94034 -5.29918 -1.37325
835 -7.69008 -8.30805 -2.80947
836 6.5433 5.85274 0.934202
837 -2.31179 -3.49736 -2.53502
838 -3.38333 1.42218 -6.18788
839 1.53171 6.01505 -3.70977
840 4.15995 0.410261 -2.62018
841 5.18208 3.75251 -0.488942
842 12.9248 19.4009 8.76348
843 -6.35427 -5.08611 0.395397
844 -6.91777 -4.81024 -4.56731
845 1.10563 1.71347 -1.83635
846 -6.28022 -8.14386 4.15437
847 -13.2354 -11.646 -5.17784
848 -7.83252 -5.04275 -7.43357
849 -4.24347 -4.02085 -2.88895
850 -0.398593 -0.00158902 -1.38875
851 -3.28867 -1.97578 -0.366309
852 -4.13762 -6.53225 -6.34456
853 -4.63305 -8.78929 -0.560869
854 8.01753 9.66067 4.99777
855 -6.87069 -6.20725 -2.36653
856 12.4436 8.29811 -2.07403
857 -1.53655 2.27332 -3.11225
858 -2.65606 -3.17637 0.952824
859 -6.88051 -8.04645 -7.2268
860 2.05161 4.77968 9.60176
861 -2.45469 -5.12677 -5.90024
862 -11.1549 -8.80759 -6.33106
863 -9.24674 -3.51441 -4.65402
864 9.21428 9.28714 1.25999
865 -5.62533 -2.94046 3.86094
866 -9.74783 -6.49243 -8.45603
867 -5.97467 -8.26092 -3.35668
868 -1.91369 -3.24093 -6.6682
869 -11.7624 -7.77633 -5.2816
870 -3.4366 -5.22455 -3.51175
871 -0.564633 -0.128411 -0.021004
872 3.00348 -2.44239 2.69279
873 -7.33518 -6.51877 1.70266
874 -3.82575 -5.22238 1.62949
875 -4.66084 -7.68979 -9.32677
876 -9.72928 -10.661 0.288453
877 -1.87154 2.2509 0.444896
878 -0.854615 0.259305 -3.4143
879 -4.33131 -1.2695 -0.0771429
880 -3.47517 -6.27054 -4.15075
881 0.471184 1.04941 -0.595147
882 4.09746 0.666078 5.64966
883 -1.00052 -0.33698 -1.37228
884 -4.37555 -2.02505 0.25331
885 -4.70498 -5.66341 -1.55877
886 -4.14335 -4.84211 -2.91572
887 -1.79806 -0.187754 -0.17905
888 3.51414 2.14812 -2.96831
889 -7.38958 -6.49978 2.99313
890 4.40339 2.39109 -1.88502
891 -6.50204 -4.79255 -1.69633
892 2.2107 0.463631 -3.43759
893 4.58205 7.84953 2.23962
894 -2.27968 -0.541524 0.864125
895 3.51713 6.8942 0.283711
896 2.05658 4.2441 -0.435614
897 -9.30285 -6.48704 -3.16882
898 1.50532 -1.9803 -0.653079
899 -0.696117 -5.7451 -4.25704
900 -8.37382 -5.71161 -2.6598
901 5.65501 10.1486 4.31296
902 -9.16713 -7.39064 -3.16522
903 -7.39177 -7.69857 -2.28818
904 -2.03044 -5.13499 -6.95405
905 -9.12048 -9.74237 -5.69879
906 -7.0382 -3.64444 3.60744
907 11.3485 7.39408 3.26031
908 3.91066 3.69222 0.805808
909 -0.745033 -3.95848 -3.46268
910 0.00998643 3.47718 -5.46732
911 -4.95636 -2.91231 -1.79478
912 -6.07041 -2.83404 3.29584
913 5.89401 5.38423 -0.572623
914 0.265966 -2.01318 -3.00175
915 -2.4604 3.71498 -7.59033
916 -5.54016 -7.75921 0.295028
917 -8.00863 -6.49153 -4.44368
918 4.94928 7.90609 1.36779
919 -8.90454 -10.6801 -3.55974
920 0.12748 0.101162 -1.49408
921 0.0566922 10.6964 1.52177
922 4.46905 -0.455964 -5.54017
923 0.976855 1.65318 -1.82562
924 -3.14395 -5.87881 -2.79643
925 1.63142 -1.70624 2.59633
926 0.472712 6.55547 0.0573552
927 0.992887 1.15357 2.44815
928 -6.14452 -3.9887 -2.73695
929 -3.08244 -3.46406 -6.69599
930 -5.90892 -7.24409 -6.86439
931 4.75577 6.63376 2.31919
932 2.44526 1.69961 0.487014
933 -4.84728 -1.72001 0.822585
934 3.60094 8.29847 -4.02808
935 -8.62817 -9.37149 0.0592317
936 5.01904 3.23627 11.3024
937 3.2618 -1.55279 0.661999
938 -3.18716 -4.79222 -2.86924
939 -5.78262 -7.52707 -7.98453
940 -3.00053 -2.6195 -5.02712
941 -2.67976 -7.75053 -4.81425
942 3.31386 -1.94713 -1.33187
943 -4.05167 -7.70142 -7.52066
944 -5.42182 -4.19697 -3.59522
945 -9.32461 -7.3901 -1.72846
946 3.8339 0.410743 -5.96233
947 8.08549 12.2057 1.04645
948 -3.77101 -4.63942 -2.36411
949 -3.04823 -11.8888 -10.7096
950 -4.03313 -6.36366 2.87138
951 2.61334 4.35174 3.01943
952 -2.56504 2.43315 6.46312
953 5.10446 0.0924075 9.98312
954 -6.22564 -4.87583 -3.28797
955 3.52384 -0.522572 3.71319
956 0.489941 0.239781 -5.07706
957 4.03799 4.21639 -5.1328
958 0.660949 0.707238 -0.958318
959 3.80252 9.16458 -4.58508
960 -5.4506 -9.13496 -2.86163
961 3.24115 -0.99086 -2.73142
962 -4.48587 -2.92875 -2.94079
963 -2.42881 -3.05726 -0.208895
964 -3.55226 -2.19539 -2.29099
965 -0.044905 6.49083 6.48022
966 4.08545 6.19241 4.74569
967 0.692418 2.46251 1.37095
968 -4.78832 -4.42337 -7.30946
969 -2.2141 -0.372059 1.06824
970 3.99704 7.52235 -5.80882
971 -1.19796 -0.852474 -1.62608
972 -1.13287 2.7244 1.23902
973 16.3342 14.8509 10.1958
974 -4.8909 -6.01258 -0.945882
975 0.576784 -2.65033 -1.96872
976 -11.6717 -7.657 2.27972
977 0.65003 -0.26316 -3.15546
978 2.92292 4.12197 0.888225
979 -2.60523 -0.870703 -9.7453
980 3.77106 -0.483812 -1.17641
981 -3.9838 -1.65707 -5.00458
982 -3.27996 -4.06056 -4.49951
983 -11.2799 -9.1449 -2.72641
984 5.5573 4.59175 1.49762
985 0.676117 3.26255 0.429954
986 -1.80068 -4.60191 0.93076
987 -0.257732 -1.88627 -6.6561
988 -5.17697 1.97251 -10.9061
989 -7.22987 -4.0495 -3.0492
990 10.16 4.845 1.28615
991 3.64025 8.48246 -2.60858
992 6.78893 9.32651 -2.67358
993 0.615869 -3.15132 0.581213
994 -0.0670977 -1.04448 -2.57186
995 -5.96339 -5.81023 -3.34892
996 -2.58796 -0.66443 6.32474
997 -0.0433493 1.93888 -2.71587
998 -1.48722 1.15098 0.841115
999 -0.389045 5.11918 2.46482
