#Velocity obtained from Ewald summation
16
0 -22.5274 -22.5189 -22.5229
1 -22.5663 -22.5683 -22.6163
2 -22.5201 -22.5203 -22.5249
3 -22.5635 -22.5658 -22.6142
4 -22.5207 -22.5193 -22.5202
5 -22.5132 -22.5161 -22.5213
6 -22.5282 -22.5271 -22.525
7 -22.527 -22.525 -22.5257
8 -22.5231 -22.5255 -22.5255
9 -22.5181 -22.5226 -22.5229
10 -22.5195 -22.5182 -22.525
11 -22.5244 -22.5283 -22.523
12 -22.5251 -22.5182 -22.5218
13 -22.523 -22.5236 -22.5208
14 -22.5246 -22.5311 -22.5228
15 -22.5159 -22.5159 -22.5217
